# oST version 5.0 parameters


[image]

width
1920

height
1080

[narrow_stereo]

camera matrix
1774.694944 0.000000 1072.262051
0.000000 1792.673235 509.994361
0.000000 0.000000 1.000000

distortion
-0.034137 -0.380963 0.000535 -0.007835 0.000000

rectification
1.000000 0.000000 0.000000
0.000000 1.000000 0.000000
0.000000 0.000000 1.000000

projection
1674.924032 0.000000 1083.165973 0.000000
0.000000 1782.215554 509.673346 0.000000
0.000000 0.000000 1.000000 0.000000
