Projection Matrix (LIDAR to Camera):
 [[-0.52078878 -0.84136012 -0.14454134 -2.15734535]
 [ 0.18059133  0.056904   -0.98191074  0.61663906]
 [ 0.83436552 -0.53747101  0.12230738  3.80324697]
 [ 0.          0.          0.          1.        ]]
Projection Matrix (Camera to LIDAR):
 [[-0.52078878  0.18059133  0.83436552 -4.40817905]
 [-0.84136012  0.056904   -0.53747101  0.19394142]
 [-0.14454134 -0.98191074  0.12230738 -0.17150624]
 [ 0.          0.          0.          1.        ]]
rmse 0.1866045741384881

